87966
87803
87777
87792
87818
87804
87778
87793
87792
87803
87776
87766
87818
87777
87803
87792
87819
87777
87779
87792
87818
87776
87802
87766
87765
87794
87802
87785
87792
87794
87804
87802
87792
87792
87794
87803
87792
87792
87821
87803
87793
87791
87820
87777
87776
87766
87792
87795
87778
87821
87766
87766
87794
87802
87776
87791
87767
87777
87777
87792
87767
87803
87803
87792
87768
87776
87775
87820
87766
87776
87803
87793
87766
87768
87802
87819
87766
87793
87778
87776
87819
87792
87792
87802
87777
87819
87766
87794
87803
87819
87792
87792
87802
87776
87792
87766
87769
87776
87821
87821
87793
87769
87804
87776
87793
87792
87768
87802
87777
87793
87794
87766
87802
87819
87794
87794
87777
87819
87821
87792
87880
88013
87843
87775
87797
87858
87869
87810
87804
87800
87856
87887
87806
87843
87798
87824
87848
87832
87890
87832
87782
87770
87855
87859
87804
87870
87774
87920
87852
87867
87834
87772
87771
87835
87831
87884
87832
87775
87829
87852
87920
87953
87834
87798
87779
87847
87861
87892
87811
87801
87841
87857
87857
87833
87904
87773
87835
87854
87864
87804
87765
87808
87906
87873
87777
87751
87791
87807
87924
87763
87783
87796
87919
87738
87809
87829
87780
87931
87762
87836
87881
87881
87762
87916
87849
87852
87867
87954
87766
87811
87856
87922
87819
87862
87878
87827
87895
87878
87775
87845
87860
87892
87855
87819
87906
87829
87890
87767
87818
87847
87861
87764
87829
87796
87850
87860
87893
87751
87816
87900
87820
87856
87891
87791
87773
87902
87905
87887
87815
87877
87765
87816
87814
87853
87890
87792
