102228
101883
101896
101881
101885
101926
101888
101926
101884
101913
101950
101906
101917
101925
101919
101991
101943
101926
101941
101999
101938
101972
101921
101989
101959
102034
101944
102000
101967
101968
102091
101976
101954
101949
101977
101955
101980
101993
102009
101968
102007
102003
101972
102015
102008
102004
101993
102003
101976
101962
101981
101971
102045
101982
102010
101986
102018
102031
102098
101952
101947
102008
101980
101989
102015
101999
101957
101949
102035
101965
102010
101958
101993
102035
101952
101977
101974
102001
101980
102003
101967
102132
102008
101952
102002
101967
101988
101951
101993
101967
102052
101979
102028
101963
101998
101981
101955
101998
101947
102019
101995
101997
101954
101971
101989
101937
101962
102046
101948
102014
101985
101965
101946
101975
101998
101976
101985
101973
101967
102045
101993
101961
101992
101982
101963
101966
101952
101952
101995
101969
101986
101980
102006
101953
102028
101993
101944
101945
101992
102105
101980
102000
101982
101948
101970
101985
101967
101965
101953
101987
101985
101950
102097
101974
101972
101989
101964
101965
101956
101967
101991
101955
101961
101985
101945
101987
102007
101981
101984
101983
102000
102001
101965
101985
102009
101999
101992
101956
102004
102001
101945
101958
101974
101990
101982
102009
101992
101972
101974
101954
101995
101952
102080
101996
101948
101944
101984
101997
101940
101966
101971
101997
101940
101941
101969
101974
101937
101971
101946
101933
101994
101977
101985
101999
102099
101977
101979
101933
101939
101956
101926
101930
101960
101952
101969
101959
101941
101966
101965
101939
101968
101923
101938
101936
101919
101941
101936
101926
101929
101941
101904
101913
101980
101990
101976
101977
101943
102005
101998
101963
101991
102003
101991
101972
101980
101985
