1423881
1423930
1423881
1423900
1423881
1423881
1423930
1423881
1423931
1423882
1423900
1423881
1423881
1423931
1423881
1423900
1423881
1423881
1423930
1423881
1423931
1423882
1423900
1423912
1423882
1423931
1423881
1423900
1423912
1423900
1423911
1423881
1423900
1423881
1423900
1423912
1423900
1423912
1423881
1423900
1423912
1423900
1423911
1423881
1423900
1423881
1423900
1423912
1423900
1423881
1423881
1423900
1423912
1423900
1423912
1423900
1423881
1423911
1423900
1423911
1423900
1423881
1423931
1423881
1423912
1423900
1423882
1423931
1423881
1423930
1423881
1423881
1423900
1423881
1423930
1423881
1423881
1423901
1423881
1423931
1423881
1423931
1423881
1423881
1423900
1423881
1423930
1423881
1423900
1423881
1423881
1423931
1423882
1423900
1423881
1423900
1423912
1423881
1423930
1423881
1423900
1423881
1423900
1423912
1423881
1423900
1423881
1423901
1423912
1423881
1423930
1423881
1423900
1423911
1423900
1423912
1423881
1423900
1423882
1423900
1423912
1423900
1423882
1423881
1423900
1423911
1423900
1423881
1423900
1423881
1423911
1423900
1423912
1423901
1423881
1423881
1423900
1423912
1423900
1423911
1423900
1423881
1423911
1423900
1423912
1423900
1423881
1423931
1423882
1423912
1423900
1423881
1423900
1423881
1423930
1423881
1423912
1423900
1423881
1423931
1423881
1423931
1423881
1423882
1423900
1423881
1423930
1423881
1423881
1423900
1423881
1423931
1423881
1423900
1423881
1423881
1423931
1423881
1423931
1423881
1423900
1423911
1423881
1423930
1423881
1423900
1423882
1423900
1423912
1423882
1423900
1423881
1423900
1423912
1423900
1423911
1423881
1423900
1423911
1423900
1423912
1423882
1423900
1423881
1423900
1423912
1423900
1423881
1423881
1423900
1423911
1423900
1423912
1423900
1423881
1423881
1423900
1423912
1423900
1423882
1423900
1423881
1423911
1423900
1423911
1423900
1423881
1423931
1423881
1423912
1423900
1423882
1423900
1423881
1423912
1423900
1423881
1423900
1423881
1423930
1423881
1423912
1423901
1423881
1423900
1423881
1423931
1423881
1423881
1423900
1423881
1423930
1423881
1423900
1423881
1423881
