1223232
1223202
1223201
1223251
1223201
1223201
1223232
1223202
1223220
1223231
1223201
1223202
1223251
1223202
1223232
1223201
1223201
1223251
1223202
1223201
1223232
1223220
1223201
1223232
1223202
1223201
1223250
1223201
1223202
1223232
1223221
1223232
1223231
1223201
1223232
1223221
1223201
1223232
1223201
1223220
1223232
1223202
1223201
1223231
1223220
1223202
1223232
1223202
1223220
1223231
1223201
1223202
1223232
1223220
1223232
1223201
1223201
1223251
1223202
1223201
1223231
1223201
1223221
1223232
1223202
1223201
1223250
1223201
1223202
1223232
1223201
1223251
1223232
1223201
1223232
1223251
1223201
1223231
1223201
1223202
1223251
1223202
1223201
1223232
1223220
1223202
1223232
1223201
1223201
1223251
1223201
1223201
1223232
1223220
1223231
1223232
1223202
1223232
1223220
1223201
1223232
1223201
1223221
1223232
1223201
1223201
1223251
1223201
1223201
1223232
1223201
1223220
1223232
1223202
1223232
1223220
1223201
1223232
1223201
1223202
1223251
1223201
1223201
1223232
1223220
1223201
1223232
1223201
1223201
1223251
1223202
1223232
1223201
1223220
1223232
1223201
1223202
1223232
1223220
1223201
1223232
1223202
1223220
1223232
1223201
1223201
1223232
1223221
1223201
1223201
1223201
1223251
1223201
1223202
1223232
1223201
1223220
1223232
1223202
1223201
1223251
1223201
1223201
1223232
1223202
1223251
1223231
1223201
1223232
1223220
1223202
1223232
1223201
1223201
1223251
1223202
1223201
1223232
1223220
1223201
1223232
1223202
1223201
1223250
1223201
1223202
1223232
1223221
1223201
1223201
1223201
1223232
1223221
1223201
1223232
1223201
1223220
1223232
1223202
1223201
1223231
1223220
1223202
1223232
1223202
1223251
1223232
1223201
1223232
1223221
1223201
1223232
1223201
1223201
1223251
1223202
1223201
1223231
1223220
1223202
1223232
1223202
1223232
1223220
1223201
1223232
1223202
1223220
1223232
1223201
1223201
1223232
1223221
1223201
1223231
1223201
1223221
1223232
1223202
1223201
1223201
1223220
1223232
1223202
1223201
1223251
1223201
1223201
1223232
1223202
1223220
1223231
1223201
1223202
1223251
1223202
