53810
53641
53642
53669
53669
53669
53669
53642
53641
53614
53669
53668
53642
53669
53641
53641
53669
53642
53668
53669
53668
53666
53613
53668
53667
53642
53667
53668
53668
53669
53641
53668
53669
53641
53668
53669
53613
53642
53641
53641
53641
53667
53667
53640
53668
53668
53669
53641
53668
53668
53642
53669
53669
53669
53668
53642
53668
53668
53667
53641
53614
53640
53668
53668
53659
53641
53640
53642
53641
53641
53668
53668
53668
53668
53669
53614
53642
53666
53668
53640
53658
53624
53640
53641
53669
53669
53668
53669
53668
53669
53667
53641
53641
53642
53668
53667
53668
53667
53668
53640
53668
53669
53669
53669
53641
53640
53668
53642
53641
53640
53667
53668
53624
53624
53641
53668
53669
53669
53670
53669
53614
53614
53640
53668
53641
53668
53668
53667
53659
53643
53641
53640
53642
53641
53669
53642
53667
53613
53642
53667
53667
53668
53640
53667
53624
53669
53641
53669
53669
53668
53668
53642
53642
53668
53668
53640
53640
53669
53624
53641
53669
53669
53669
53615
53640
53641
53668
53668
53640
53625
53624
53641
53641
53641
53641
53615
53641
53614
53642
53666
53641
53641
53667
53668
53640
53667
53667
53624
53641
53641
53642
53641
53614
53668
53666
53641
53667
53667
53641
53668
53667
53651
53650
53641
53668
53669
53669
53642
53668
53668
53640
53668
53667
53641
53641
53669
53614
53669
53667
53668
53667
53668
53667
53641
53640
53641
53641
53614
53641
53667
53667
53668
53641
53640
53640
53668
53668
53640
53667
53624
53641
53640
53669
53640
53667
53667
53641
53641
53614
53668
53668
53667
53667
53641
53660
53668
