650946
652860
652855
652854
652796
652631
653015
653272
652796
653230
653125
653027
653051
653023
653009
653167
653039
653234
653529
653441
653317
653146
653268
653207
653534
653495
653507
653129
653032
652866
652946
652464
652308
652748
652419
652655
652819
652696
652711
652653
653179
653166
652870
652957
652993
653039
653306
652959
652985
653468
652867
653126
653200
653140
653204
653287
652951
653204
653242
653237
653198
653263
653262
653219
653333
653186
653412
652895
653009
653106
652303
652732
652935
652515
652720
652793
652698
652713
652882
652791
652724
652811
653090
652738
653014
653070
652954
652832
652869
652990
653442
653039
653036
652948
653094
653152
653287
653423
653310
653292
653419
653602
652879
653199
653694
653290
653438
653390
652659
652900
652348
652719
652885
652599
652789
652893
652639
652384
653055
652652
653039
652700
652815
652794
653028
653225
653114
653377
652972
652974
653206
652772
653201
653116
653331
653186
653174
653390
653102
653266
653060
653196
653334
653263
653565
653193
653379
653135
652940
652692
652255
652797
652677
652652
652548
652854
652692
652652
652725
652731
652866
653340
652762
652739
653189
652939
653058
653090
653227
653178
653133
653358
653271
652979
652877
653343
653122
653319
653299
653297
653436
653698
653236
653391
653248
653243
652897
652636
653055
652405
652582
652857
652848
652522
652864
652612
652590
652352
652668
652995
652983
652927
653029
652893
653216
653306
652912
653127
653011
652988
653362
653057
653409
653281
653224
653081
653184
653206
653033
653104
653210
652916
653156
653079
653148
653592
652961
653168
653031
652383
652539
652944
652684
652674
652356
652820
652871
652896
652637
652849
653310
652653
652836
652995
652893
653108
653168
652752
652974
653339
653069
653034
653273
653186
653072
653040
